@Type
Not Directed
@Vertex
1
2
3
4
5
6
7
8
9
10
11
12
13
14
15
16
17
18
19
20
21
22
23
24
25
26
27
28
29
30
31
32
33
34
35
36
37
38
39
40
41
42
43
44
45
46
47
48
49
50
51
52
53
54
55
56
57
58
59
60
61
62
63
64
65
66
67
68
69
70
71
72
73
74
75
76
77
78
79
80
81
82
83
84
85
86
87
88
89
90
91
92
93
94
95
96
97
98
99
100
101
102
103
104
105
106
107
108
109
110
111
112
113
114
115
116
117
118
119
120
121
122
123
124
125
126
127
128
129
130
131
132
133
134
135
136
137
138
139
140
141
142
143
144
145
146
147
148
149
150
151
152
153
154
155
156
157
158
159
160
161
162
163
164
165
166
167
168
169
170
171
172
173
174
175
176
177
178
179
180
181
182
183
184
185
186
187
188
189
190
191
192
193
194
195
196
197
198
199
200
201
202
203
204
205
206
207
208
209
210
211
212
213
214
215
216
217
218
219
220
221
222
223
224
225
226
227
228
229
230
231
232
233
234
235
236
237
238
239
240
241
242
243
244
245
246
247
248
249
250
251
252
253
254
255
256
257
258
259
260
261
262
263
264
265
266
267
268
269
270
271
272
273
274
275
276
277
278
279
280
281
282
283
284
285
286
287
288
289
290
291
292
293
294
295
296
297
298
299
300
301
302
303
304
305
306
307
308
309
310
311
312
313
314
315
316
317
318
319
320
321
322
323
324
325
326
327
328
329
330
331
332
333
334
335
336
337
338
339
340
341
342
343
344
345
346
347
348
349
350
351
352
353
354
355
356
357
358
359
360
361
362
363
364
365
366
367
368
369
370
371
372
373
374
375
376
377
378
379
380
381
382
383
384
385
386
387
388
389
390
391
392
393
394
395
396
397
398
399
400
401
402
403
404
405
406
407
408
409
410
411
412
413
414
415
416
417
418
419
420
421
422
423
424
425
426
427
428
429
430
431
432
433
434
435
436
437
438
439
440
441
442
443
444
445
446
447
448
449
450
451
452
453
454
455
456
457
458
459
460
461
462
463
464
465
466
467
468
469
470
471
472
473
474
475
476
477
478
479
480
481
482
483
484
485
486
487
488
489
490
491
492
493
494
495
496
497
498
499
500
501
502
503
504
505
506
507
508
509
510
511
512
513
514
515
516
517
518
519
520
521
522
523
524
525
526
527
528
529
530
531
532
533
534
535
536
537
538
539
540
541
542
543
544
545
546
547
548
549
550
551
552
553
554
555
556
557
558
559
560
561
562
563
564
565
566
567
568
569
570
571
572
573
574
575
576
577
578
579
580
581
582
583
584
585
586
587
588
589
590
591
592
593
594
595
596
597
598
599
600
601
602
603
604
605
606
607
608
609
610
611
612
613
614
615
616
617
618
619
620
621
622
623
624
625
626
627
628
629
630
631
632
633
634
635
636
637
638
639
640
641
642
643
644
645
646
647
648
649
650
651
652
653
654
655
656
657
658
659
660
661
662
663
664
665
666
667
668
669
670
671
672
673
674
675
676
677
678
679
680
681
682
683
684
685
686
687
688
689
690
691
692
693
694
695
696
697
698
699
700
701
702
703
704
705
706
707
708
709
710
711
712
713
714
715
716
717
718
719
720
721
722
723
724
725
726
727
728
729
730
731
732
733
734
735
736
737
738
739
740
741
742
743
744
745
746
747
748
749
750
751
752
753
754
755
756
757
758
759
760
761
762
763
764
765
766
767
768
769
770
771
772
773
774
775
776
777
778
779
780
781
782
783
784
785
786
787
788
789
790
791
792
793
794
795
796
797
798
799
800
801
802
803
804
805
806
807
808
809
810
811
812
813
814
815
816
817
818
819
820
821
822
823
824
825
826
827
828
829
830
831
832
833
834
835
836
837
838
839
840
841
842
843
844
845
846
847
848
849
850
851
852
853
854
855
856
857
858
859
860
861
862
863
864
865
866
867
868
869
870
871
872
873
874
875
876
877
878
879
880
881
882
883
884
885
886
887
888
889
890
891
892
893
894
895
896
897
898
899
900
901
902
903
904
905
906
907
908
909
910
911
912
913
914
915
916
917
918
919
920
921
922
923
924
925
926
927
928
929
930
931
932
933
934
935
936
937
938
939
940
941
942
943
944
945
946
947
948
949
950
951
952
953
954
955
956
957
958
959
960
961
962
963
964
965
966
967
968
969
970
971
972
973
974
975
976
977
978
979
980
981
982
983
984
985
986
987
988
989
990
991
992
993
994
995
996
997
998
999
1000
1001
1002
1003
1004
1005
1006
1007
1008
1009
1010
1011
1012
1013
1014
1015
1016
1017
1018
1019
1020
1021
1022
1023
1024
1025
1026
1027
1028
1029
1030
1031
1032
1033
1034
1035
1036
1037
1038
1039
1040
1041
1042
1043
1044
1045
1046
1047
1048
1049
1050
1051
1052
1053
@Edges
1 84 21
2 1 15
2 4 12
3 2 12
3 4 15
4 5 21
4 6 21
5 6 16
6 7 20
6 69 26
7 4 16
8 6 28
8 9 14
8 18 15
9 19 15
9 69 24
10 11 25
10 12 29
11 13 25
12 11 24
12 13 30
13 14 27
14 16 15
15 14 18
15 25 21
16 17 27
16 22 21
17 12 19
17 22 26
18 9 12
18 10 12
19 12 20
19 17 26
19 18 15
20 17 11
20 74 17
21 20 22
21 76 17
21 143 25
22 15 37
22 21 27
22 143 19
23 15 40
23 140 18
23 143 17
24 23 18
24 25 32
24 30 19
25 26 15
27 26 12
27 33 25
28 27 18
29 26 17
29 28 17
29 30 9
30 31 11
31 28 25
31 138 32
32 28 13
32 34 11
33 32 16
33 34 16
33 38 18
33 39 20
34 35 19
35 36 17
35 148 25
36 148 21
37 34 15
37 38 18
37 41 12
38 39 13
38 40 12
38 41 13
40 39 12
41 40 15
41 42 13
41 46 15
42 43 10
42 45 12
43 35 17
43 36 11
43 37 10
44 43 16
44 45 11
45 46 13
46 47 14
47 40 17
47 48 16
48 46 11
48 49 13
48 50 16
49 47 13
49 54 19
50 45 16
50 51 14
51 52 14
51 56 20
52 44 31
53 48 17
53 55 44
53 57 46
54 55 36
55 57 28
55 60 15
56 53 42
56 57 26
56 151 23
56 166 23
57 58 15
58 165 30
58 183 28
59 55 20
59 58 18
59 61 13
59 185 31
60 62 24
61 60 13
61 62 18
62 63 16
63 65 13
64 62 16
64 65 14
64 67 23
65 62 13
65 66 16
65 192 33
66 64 9
66 192 30
67 66 17
67 206 21
68 66 25
68 67 19
68 208 17
69 8 27
70 9 19
70 69 18
70 73 10
71 70 16
71 72 13
71 81 24
72 75 19
72 77 18
73 72 11
73 74 18
74 9 21
75 20 16
75 21 17
76 72 22
76 77 13
77 78 14
77 79 16
78 76 22
79 72 16
79 80 13
80 71 29
80 78 27
80 82 22
81 6 34
81 69 19
81 82 18
82 87 18
83 7 27
83 81 12
83 84 20
84 85 27
84 86 15
86 85 16
86 87 18
87 83 13
87 88 24
88 80 21
88 91 22
89 87 27
89 88 23
89 90 22
89 1025 15
90 91 20
90 92 25
90 94 19
90 96 10
90 1024 16
92 93 21
94 93 22
94 95 12
95 97 17
96 95 16
96 98 15
97 104 10
98 91 12
98 97 15
98 103 11
99 88 22
99 103 20
100 78 25
100 80 28
100 102 11
101 99 16
101 100 15
102 101 12
102 106 29
102 111 31
103 101 13
103 104 13
105 106 24
106 104 19
106 107 19
107 105 23
107 108 23
108 116 24
109 102 15
109 108 15
109 110 15
110 102 18
110 114 38
111 1053 24
112 110 16
112 111 17
112 113 21
113 135 23
114 113 14
115 114 14
115 116 27
117 115 21
117 118 15
118 119 28
118 134 23
119 120 24
119 467 17
120 121 21
121 119 38
122 120 38
122 466 23
123 121 27
123 124 21
123 459 27
123 461 28
123 468 44
123 469 28
123 470 35
124 119 42
124 127 15
125 128 17
125 129 14
125 154 12
126 128 17
126 158 31
126 456 18
126 457 24
127 126 15
130 118 34
130 129 12
131 130 24
132 131 16
132 133 37
133 129 23
133 144 27
133 154 9
134 131 15
134 135 17
135 117 35
135 137 27
136 113 36
136 137 14
136 141 34
137 132 14
137 138 34
137 139 25
138 136 32
138 139 18
139 31 37
139 146 18
140 138 20
141 21 37
141 111 43
141 140 15
141 143 20
142 112 18
142 141 35
144 137 21
144 145 21
145 139 20
145 146 16
145 155 28
146 31 29
147 32 30
147 146 17
148 146 27
148 147 24
148 149 23
149 36 19
149 156 40
150 52 14
150 149 30
151 150 15
151 160 14
151 163 21
152 148 44
152 156 11
153 133 14
153 152 17
154 153 13
155 153 27
156 157 9
157 150 31
157 160 22
157 161 11
158 128 20
158 152 29
158 153 26
158 156 29
158 159 24
158 456 31
159 161 27
159 162 27
161 158 22
161 160 23
162 161 23
162 163 19
162 170 15
162 172 15
163 164 24
164 166 22
164 167 20
165 166 12
165 167 28
167 181 15
168 169 21
168 188 24
169 164 26
169 171 14
170 164 21
171 170 11
172 171 14
172 173 16
172 176 24
173 174 11
173 175 19
174 159 11
174 175 22
174 455 26
175 176 22
175 450 33
175 455 22
176 177 15
177 175 34
177 178 17
178 168 16
178 179 14
179 168 23
179 180 22
180 168 18
180 190 30
181 168 13
182 181 15
182 183 19
182 184 20
183 184 19
184 185 26
184 187 24
185 183 14
185 191 26
186 185 21
186 191 27
186 192 26
186 193 19
187 186 33
188 180 18
188 182 23
188 187 24
189 180 17
189 447 27
190 187 27
190 189 26
190 199 45
190 370 39
191 63 11
193 204 17
194 193 11
194 195 17
195 196 15
195 197 16
195 198 13
195 203 13
196 193 14
196 197 15
197 187 14
198 197 14
198 199 15
199 200 16
199 368 24
200 201 22
200 212 11
201 202 13
202 203 12
203 194 12
204 68 21
204 192 10
204 194 13
204 202 18
205 202 16
205 204 23
205 207 20
205 210 17
206 207 24
206 209 28
207 208 17
207 209 15
207 214 11
208 205 14
208 206 16
209 214 16
210 201 13
210 207 25
210 211 23
211 213 28
211 214 35
211 218 23
211 366 35
211 367 28
212 210 30
212 211 23
213 214 14
213 215 20
213 216 12
213 218 16
214 210 23
214 215 18
215 209 14
215 217 16
216 215 17
216 219 18
216 221 16
217 216 10
217 221 11
218 219 16
218 220 20
219 213 26
219 220 27
219 221 15
219 224 17
220 211 24
220 223 15
221 222 25
222 224 16
223 225 22
224 223 24
224 226 30
225 224 28
226 227 15
226 228 19
226 231 30
227 222 23
229 228 20
229 230 32
229 233 32
230 359 29
231 225 16
231 230 13
232 230 19
232 233 42
232 255 26
233 236 30
234 232 39
234 233 28
234 235 23
235 237 15
236 235 24
236 239 29
237 238 21
238 239 30
238 247 24
239 240 29
240 238 30
241 240 23
241 242 25
242 243 28
243 241 23
243 270 20
244 241 32
245 244 21
245 246 29
245 248 22
245 265 25
247 245 20
248 247 13
249 248 18
249 250 21
249 259 21
249 260 26
250 237 17
251 249 17
251 259 21
252 251 14
252 253 15
253 234 20
253 235 22
254 253 19
255 256 20
256 232 40
256 254 22
257 252 22
257 254 22
257 355 36
258 256 18
258 257 14
259 354 20
260 259 18
260 261 13
261 245 42
261 262 13
262 263 22
262 336 30
263 264 21
263 335 17
264 245 16
264 265 14
265 244 33
265 323 18
266 244 14
266 265 30
267 243 27
267 266 15
267 268 31
268 269 31
268 324 25
269 267 14
269 270 15
270 271 23
271 243 29
271 272 32
271 273 23
272 242 21
273 274 30
273 309 13
274 276 23
275 274 25
276 277 19
276 279 27
277 275 24
277 299 30
278 277 15
278 279 19
278 293 29
279 280 32
280 282 31
281 280 22
281 284 24
282 281 21
283 281 21
284 283 12
284 285 11
285 286 28
286 291 15
287 284 25
287 286 11
287 290 12
288 283 11
288 287 15
288 294 21
289 288 14
289 290 13
290 288 19
290 292 16
291 290 14
291 295 18
292 291 14
292 296 12
293 289 12
293 292 20
294 278 25
294 281 19
295 292 17
295 297 28
296 295 12
297 302 14
298 296 22
298 297 11
298 300 28
298 302 12
299 298 34
300 299 10
300 307 17
301 297 12
301 302 15
301 303 12
303 302 12
303 305 19
304 301 28
305 304 14
305 315 21
305 318 16
306 302 12
306 303 11
306 305 18
307 275 37
307 302 28
307 306 26
307 313 42
307 314 39
308 275 25
309 308 17
309 310 20
310 269 12
310 311 24
311 268 25
311 309 33
312 311 23
312 322 27
313 312 20
313 315 21
314 308 13
314 313 36
315 306 23
315 307 26
316 313 10
317 305 17
317 316 16
318 319 16
318 321 20
319 304 25
319 320 16
320 321 20
320 327 19
321 317 20
322 316 22
322 320 27
322 321 13
322 325 26
323 266 27
323 268 14
324 265 34
324 312 35
324 323 25
324 334 21
325 324 17
325 326 18
326 322 31
326 329 25
326 334 31
327 328 18
328 320 34
328 329 17
329 330 26
329 331 18
330 327 31
330 341 17
331 340 27
332 329 17
333 332 25
333 334 20
334 263 29
335 334 25
336 335 19
336 351 15
337 336 28
337 338 18
338 333 22
339 332 20
339 338 14
339 349 16
340 339 14
341 331 22
341 342 26
342 343 16
343 345 14
344 340 16
344 343 13
345 342 15
345 410 16
345 411 33
346 342 54
346 411 17
346 415 19
347 344 20
347 401 34
348 340 13
348 347 22
349 348 13
349 350 35
349 399 47
350 337 19
350 351 21
351 352 17
352 261 30
352 353 23
352 400 14
353 260 38
353 354 22
353 396 45
354 257 27
355 258 27
355 395 13
356 355 32
356 357 15
357 256 26
357 358 20
357 363 19
358 230 36
358 255 17
358 359 17
359 360 18
360 231 16
361 360 17
362 363 13
362 364 18
363 356 25
363 358 20
364 365 22
365 361 37
365 369 23
367 365 24
368 212 21
368 365 33
368 367 18
368 370 22
369 368 17
370 199 19
370 371 15
371 369 32
371 381 13
372 369 21
372 373 19
373 365 39
373 374 21
373 386 22
374 1023 20
375 374 24
375 1033 11
376 356 20
376 377 17
377 378 13
377 1033 14
378 356 17
378 391 17
379 380 14
379 381 20
380 372 14
381 190 27
382 445 24
382 446 17
382 1021 17
383 382 22
383 384 13
384 379 16
385 380 16
385 384 19
386 385 21
386 1032 13
387 373 33
387 375 27
387 388 23
387 439 21
387 1033 33
388 431 21
388 436 37
389 394 41
389 1033 18
390 389 27
391 355 18
391 390 15
392 390 12
392 393 11
393 394 17
393 395 16
394 353 44
394 392 15
395 353 25
396 394 23
396 397 19
396 428 17
398 352 29
399 398 14
400 350 20
400 399 16
401 349 26
401 402 15
402 398 35
402 404 22
403 401 21
403 402 21
403 408 27
404 398 26
404 405 14
405 427 33
406 403 21
406 405 16
407 403 28
407 408 22
407 422 32
408 347 32
408 409 16
409 410 25
410 347 17
410 412 19
412 409 17
412 413 24
413 411 21
413 416 15
414 413 18
414 419 20
415 414 12
416 414 23
416 417 18
417 409 19
417 418 17
418 416 18
418 419 26
419 540 19
420 407 26
420 418 13
421 419 25
421 420 15
422 421 36
422 424 34
422 526 23
422 536 24
423 406 19
423 422 30
424 423 14
424 425 21
425 406 23
426 425 17
426 427 14
427 428 26
427 429 14
428 398 27
429 396 20
429 430 24
429 433 23
430 394 21
430 431 34
431 389 15
431 432 25
432 430 15
432 434 13
433 426 24
434 388 40
435 434 23
435 495 24
436 434 16
436 437 22
437 438 31
437 493 21
438 387 29
438 388 30
438 489 27
439 441 25
439 488 22
440 384 27
440 442 17
440 1032 29
441 440 22
442 485 16
443 442 14
443 444 18
443 1029 27
444 445 14
444 465 19
444 1028 20
445 1029 23
446 1022 16
447 179 16
447 446 26
447 450 19
448 447 25
448 451 31
449 446 16
449 448 17
450 177 14
451 450 12
451 453 20
452 451 25
452 454 19
452 463 29
453 175 19
453 454 15
454 455 15
455 458 19
456 174 18
457 174 26
457 456 15
457 459 18
458 457 19
458 460 14
459 127 18
460 459 21
461 460 11
461 462 29
461 471 12
462 452 25
462 455 36
462 458 28
463 448 18
463 464 22
464 465 18
464 477 34
465 449 16
466 123 30
466 468 28
467 118 41
467 125 28
467 126 33
468 558 31
468 566 16
470 469 16
470 471 24
472 462 28
472 471 13
473 462 20
473 472 26
473 474 17
474 475 19
474 500 17
475 452 18
475 477 16
475 478 20
476 475 14
477 452 11
477 476 12
478 474 24
478 476 11
478 1027 9
479 464 14
480 465 21
480 479 14
480 481 21
482 480 30
482 481 19
482 596 30
482 1038 14
483 444 43
483 1039 9
484 486 15
484 1028 14
485 441 18
485 484 12
486 441 30
486 487 29
487 488 28
487 1040 11
488 438 22
489 491 25
490 487 36
491 492 14
491 513 18
492 437 13
492 494 18
493 435 25
493 492 18
493 519 36
494 493 15
495 433 26
495 493 30
495 522 21
496 468 30
496 469 28
496 497 31
496 568 32
496 579 18
496 580 18
496 582 30
497 470 16
497 472 16
497 498 22
498 473 24
498 582 25
499 498 16
500 501 21
500 502 12
501 473 46
501 499 23
501 505 20
501 589 29
502 1027 24
503 504 22
503 1027 39
504 482 24
504 1027 21
505 502 21
505 503 13
505 596 18
506 505 14
506 594 14
507 482 20
507 509 15
508 507 11
508 643 15
508 644 28
509 483 32
510 512 33
511 486 45
511 490 12
511 510 19
512 511 26
513 512 40
513 514 21
514 494 19
515 513 18
515 516 22
516 512 15
516 677 26
517 515 28
517 678 13
517 1013 16
518 514 19
518 1012 13
519 518 15
519 520 16
520 521 15
520 535 19
521 495 21
521 527 20
523 522 15
523 525 21
524 424 18
524 426 14
524 522 22
525 524 12
526 525 13
527 523 13
527 526 28
527 528 17
528 422 32
528 530 23
529 528 29
529 532 33
529 536 23
530 521 33
530 527 24
530 531 20
531 529 22
531 532 24
532 533 24
533 531 25
533 534 25
533 690 36
534 530 22
534 535 25
535 518 22
536 421 36
536 696 25
537 536 22
538 419 25
538 537 27
539 537 33
539 538 13
540 415 21
540 541 18
540 542 17
541 415 30
541 545 13
542 419 26
542 538 26
542 545 13
543 542 23
544 541 19
544 546 15
544 547 14
545 544 13
545 546 12
546 543 13
546 547 14
547 548 22
547 549 17
548 544 29
549 543 35
549 550 23
550 548 15
550 552 16
551 549 22
551 557 19
551 703 30
551 1011 31
552 553 31
552 557 27
553 555 30
554 552 21
555 554 15
556 554 30
556 708 28
557 556 20
557 705 36
558 122 15
558 560 26
559 558 20
559 564 25
560 559 21
560 561 10
562 561 24
563 562 15
563 569 35
563 572 18
564 563 20
564 565 10
565 559 24
566 496 42
566 559 18
566 567 22
567 496 34
567 565 14
568 567 17
569 565 26
569 570 27
570 571 22
570 576 18
571 572 25
572 573 30
573 574 17
574 575 23
575 571 17
576 575 19
576 577 16
577 578 21
577 619 24
578 581 35
578 1015 16
579 580 15
579 1015 32
580 581 12
580 582 23
581 579 13
582 497 23
583 499 27
583 582 15
584 501 23
584 583 18
585 584 17
585 589 27
586 582 20
586 585 21
587 586 18
588 585 11
588 587 13
588 590 20
589 584 23
589 588 27
589 591 26
589 594 22
590 589 34
590 634 21
591 590 16
591 592 16
592 589 19
592 640 16
593 589 12
593 642 23
594 501 19
595 594 17
595 596 21
595 597 16
596 503 11
596 506 15
596 1036 11
597 1036 17
598 575 20
598 599 26
599 574 22
599 600 17
599 608 14
600 602 31
600 607 27
601 600 20
601 602 24
601 605 14
602 603 18
603 601 19
604 603 31
604 605 26
604 795 30
605 606 16
606 600 14
606 1035 11
607 609 13
607 610 24
609 598 14
610 611 15
610 615 33
610 616 30
610 1019 17
611 1034 12
612 604 13
612 1034 28
613 610 43
613 612 14
613 794 25
614 613 25
615 614 16
616 615 15
616 617 25
617 610 40
617 618 34
617 790 22
618 619 24
619 609 33
619 620 22
620 621 36
621 580 44
621 587 33
621 622 24
622 624 13
622 632 12
623 619 26
623 620 11
624 623 12
625 624 29
625 626 14
626 623 28
626 627 13
627 628 13
627 630 31
628 617 13
629 628 42
629 630 23
630 625 30
630 1020 24
631 625 27
631 632 27
632 633 12
633 634 13
634 635 17
634 637 14
635 590 12
635 621 29
636 633 19
636 637 19
637 638 11
638 591 15
639 638 13
639 656 18
640 593 24
640 639 14
640 655 28
641 640 17
642 595 14
642 641 12
643 597 21
643 644 15
644 509 25
644 510 17
645 646 15
645 647 14
645 648 16
645 649 15
645 650 17
645 651 15
645 653 15
646 643 17
646 653 10
647 644 16
647 646 11
648 647 11
648 673 11
648 1018 24
649 648 12
650 649 16
650 667 22
651 650 11
652 645 12
652 651 11
653 597 18
653 652 11
654 642 14
654 652 19
654 653 19
655 641 18
655 652 19
655 654 13
655 656 26
656 640 12
657 656 13
657 665 13
657 1041 19
657 1043 10
658 638 24
658 659 14
658 1043 26
659 631 26
659 636 16
659 661 26
660 659 27
661 660 24
661 662 26
662 663 22
662 761 28
662 771 20
663 664 14
663 669 28
664 657 17
664 1037 16
665 666 15
666 651 22
667 669 24
667 671 19
667 1042 11
668 664 15
668 665 11
668 667 20
669 662 33
669 1016 16
669 1037 10
670 671 13
671 650 17
672 670 20
672 675 19
672 680 22
673 512 24
673 675 18
674 516 22
674 673 17
675 649 14
675 676 13
676 672 14
676 677 23
677 674 16
677 680 20
678 516 27
679 677 24
679 684 13
680 676 13
680 681 14
681 679 15
681 689 19
682 670 16
682 672 15
682 681 31
683 681 17
684 678 30
684 689 14
684 1013 30
685 533 30
685 686 18
685 1013 23
686 535 14
686 1012 18
687 533 23
687 684 25
687 685 20
688 687 28
689 688 14
690 688 21
690 691 19
690 754 25
691 533 34
691 692 25
692 533 50
692 693 27
692 694 23
693 532 19
693 695 41
694 695 33
695 696 34
695 697 13
696 537 17
697 539 26
697 543 32
697 700 35
698 697 24
698 699 21
699 701 23
699 1031 19
700 694 28
700 698 31
701 700 22
701 727 16
702 699 19
702 704 20
702 706 28
703 702 19
704 703 12
705 556 31
705 704 12
705 707 16
706 704 17
706 705 20
706 724 23
706 725 24
707 708 27
707 1045 19
708 555 36
708 709 26
709 707 21
709 1046 30
710 708 44
711 709 21
711 710 20
712 713 10
712 715 16
712 717 26
713 717 23
713 718 16
713 1046 15
714 1046 12
715 714 12
715 716 22
715 724 29
716 712 26
716 723 22
716 734 13
717 718 27
718 719 17
719 710 20
719 720 19
720 718 19
720 721 18
720 736 28
721 722 15
723 715 19
723 724 21
723 733 19
724 725 25
724 732 29
724 1045 23
725 1044 9
726 702 20
726 1044 13
727 726 26
728 726 41
728 727 25
728 729 27
728 730 31
728 745 27
728 746 20
728 748 21
729 732 25
730 729 12
731 728 31
731 730 13
732 723 30
732 730 23
733 1047 17
734 739 18
735 717 10
735 734 30
736 735 25
737 735 19
737 738 22
738 736 28
738 868 19
739 733 20
740 741 20
740 743 14
741 742 18
741 1047 18
742 737 40
742 739 13
743 731 25
743 732 27
744 728 24
745 744 18
746 747 15
746 752 15
747 748 13
747 749 17
748 700 25
749 692 14
750 690 21
750 692 28
751 749 21
751 750 17
752 751 22
752 769 32
753 751 25
753 752 30
754 688 28
754 755 18
755 683 31
755 756 14
755 759 16
756 753 19
757 682 29
757 683 14
758 682 20
758 757 27
758 763 29
759 757 19
759 758 37
760 669 27
760 758 22
761 669 20
761 760 17
761 762 14
762 770 33
762 771 28
763 760 26
763 764 16
764 765 24
764 781 26
764 782 33
765 766 18
766 755 17
767 756 39
767 764 37
767 765 25
767 766 23
767 769 41
767 783 24
768 767 31
768 856 20
769 745 30
769 753 31
769 768 16
770 764 27
770 779 34
771 773 40
772 629 30
772 660 21
773 772 20
774 629 19
774 776 15
774 1017 13
775 772 18
775 774 11
776 775 13
777 776 34
778 773 56
778 777 34
778 780 24
779 771 18
779 778 25
780 770 26
780 849 18
781 780 26
781 782 16
782 767 32
783 768 37
783 782 17
784 744 29
784 769 27
785 776 21
785 786 13
785 807 21
785 844 13
786 787 26
786 1017 11
787 788 13
787 807 17
788 789 17
788 792 19
788 804 11
788 806 37
789 791 16
790 629 26
790 789 11
791 616 19
791 617 33
791 792 15
792 793 27
793 614 14
794 793 18
794 795 30
795 613 32
795 796 23
796 799 21
797 796 22
797 814 22
798 797 20
798 811 41
799 795 25
799 798 17
800 799 16
801 793 24
801 800 19
802 801 29
802 804 25
803 802 20
803 808 27
804 792 19
805 804 28
805 806 10
807 806 22
808 805 19
808 841 23
809 803 13
809 839 27
810 801 16
810 809 12
811 800 33
811 810 15
811 836 14
812 811 16
812 813 17
813 798 20
813 815 19
814 813 27
814 1003 18
815 812 22
815 816 24
816 817 33
816 824 16
817 818 25
817 1003 23
818 820 54
818 822 36
819 818 30
819 820 25
820 1005 15
821 819 13
821 828 16
822 821 30
822 823 24
823 816 27
823 826 24
823 833 43
824 823 21
825 824 12
826 825 14
826 834 15
827 822 15
827 823 17
827 1000 20
828 829 16
828 830 17
828 1005 17
829 830 17
829 1002 36
830 827 21
830 831 19
831 1000 13
831 1001 17
832 831 42
832 833 18
832 930 16
832 931 10
832 932 17
833 834 13
834 835 29
835 825 22
835 836 29
835 837 28
835 840 32
835 929 16
836 837 21
836 838 15
837 815 15
838 811 17
838 840 17
839 808 17
839 838 17
840 839 19
841 916 21
842 806 14
842 841 23
843 842 17
843 844 17
844 845 30
845 777 17
845 846 24
846 843 27
846 1004 38
847 780 32
847 848 28
847 919 43
848 849 17
848 851 21
849 782 25
849 852 27
850 848 27
850 852 27
851 850 21
851 1030 16
852 782 23
852 853 30
853 855 21
853 856 15
854 850 38
854 853 18
854 855 20
855 857 13
855 861 11
856 857 16
857 858 13
858 784 14
858 859 18
859 865 17
860 859 24
860 861 16
860 864 20
861 858 23
861 862 15
862 860 13
862 907 14
863 860 15
863 905 12
864 863 12
864 866 25
865 743 14
865 864 40
866 742 37
866 867 40
868 737 17
868 867 24
869 868 21
869 870 17
870 738 31
870 872 15
871 869 27
871 875 12
872 871 10
873 870 26
873 872 14
874 873 12
874 886 26
875 874 17
875 876 28
876 869 17
876 881 50
877 867 13
877 876 23
878 866 19
878 879 21
879 877 27
880 878 31
881 879 17
881 880 23
881 890 18
882 881 34
882 883 13
883 884 16
884 875 17
885 883 17
885 884 12
885 886 14
886 887 36
887 888 19
888 885 32
888 889 33
888 891 17
889 882 31
889 897 12
890 889 15
890 899 42
891 892 17
892 887 21
892 893 25
893 891 21
893 894 19
894 892 26
894 895 12
895 896 33
896 893 23
896 948 11
896 955 47
897 898 19
898 889 27
898 900 14
899 898 17
899 901 16
900 899 14
901 902 20
902 903 13
902 945 27
903 906 18
904 880 21
904 903 18
905 864 18
905 904 33
905 906 20
906 907 17
907 863 19
907 908 17
908 854 29
908 906 15
909 908 22
909 911 19
910 850 22
910 909 19
911 902 19
911 912 13
912 910 24
913 846 45
913 914 31
914 846 35
914 916 28
915 843 20
915 914 18
916 915 25
916 917 21
916 918 30
917 840 32
917 841 14
918 914 23
918 924 35
919 913 24
919 920 30
920 912 31
920 922 15
921 919 28
922 921 22
922 942 19
923 913 38
923 921 14
924 923 17
924 925 27
924 939 20
925 918 37
926 840 31
926 916 39
927 926 32
927 935 14
928 927 19
929 928 37
930 929 38
930 933 12
931 930 10
931 999 26
932 931 16
932 983 27
932 992 13
932 999 32
933 999 18
934 928 19
934 933 23
934 998 22
935 925 21
935 934 20
936 935 25
936 996 29
936 997 18
936 998 21
937 936 17
937 1007 17
938 1007 14
939 938 12
940 939 13
940 961 18
940 1006 18
941 940 14
941 950 19
942 941 15
942 943 17
943 922 21
943 944 19
944 912 31
944 946 14
945 901 20
945 944 13
946 899 18
946 947 21
947 900 13
947 948 27
948 897 29
948 949 34
949 947 22
949 950 18
949 1048 15
950 943 21
950 951 24
951 952 14
951 954 17
952 949 15
953 948 19
953 952 18
954 953 25
954 955 16
954 960 34
956 955 15
956 957 18
956 958 21
957 895 60
957 959 32
957 1010 23
958 954 16
959 956 20
959 958 17
959 965 26
959 1009 33
960 940 24
960 941 18
961 938 13
961 960 19
962 996 35
962 1008 16
963 959 34
963 962 16
964 959 25
964 989 22
965 966 16
965 967 13
966 964 14
967 957 16
968 967 15
968 970 33
969 968 18
970 971 29
970 986 25
971 969 15
972 971 25
972 1049 32
973 972 16
973 976 32
974 973 23
975 974 34
975 976 25
975 978 22
976 977 17
977 975 18
977 981 30
977 984 31
978 977 18
978 980 16
979 978 18
980 979 13
981 980 14
981 982 24
983 982 38
983 1050 10
984 981 23
984 985 18
984 986 26
985 987 20
985 1050 19
986 985 19
986 1049 20
987 970 22
987 988 17
987 990 23
988 964 32
988 966 29
989 988 17
989 990 24
990 991 17
990 995 16
991 987 21
992 991 22
992 993 18
993 994 16
993 999 23
994 990 22
994 995 13
994 997 15
995 996 14
996 963 21
996 997 21
997 998 13
998 999 22
999 934 21
999 994 23
1000 830 17
1000 832 43
1001 832 35
1003 815 20
1004 847 26
1005 821 18
1006 922 17
1006 923 16
1007 924 14
1008 937 16
1008 961 11
1009 960 12
1009 962 15
1010 969 23
1011 698 25
1012 517 17
1014 359 12
1014 361 16
1014 362 17
1015 569 14
1016 670 16
1016 758 28
1017 776 13
1017 785 13
1018 510 18
1018 512 18
1019 618 22
1020 631 15
1020 660 19
1021 190 16
1021 383 21
1022 189 15
1022 382 13
1023 363 21
1023 364 22
1024 89 17
1025 1026 13
1026 89 18
1027 479 16
1028 485 11
1029 383 11
1030 847 30
1031 551 23
1032 387 16
1033 376 26
1034 605 11
1035 607 12
1035 611 19
1036 508 10
1037 668 14
1038 481 17
1038 483 13
1039 484 22
1039 510 45
1040 489 16
1040 490 32
1041 639 12
1041 658 18
1042 666 10
1042 668 13
1043 664 11
1044 702 22
1045 706 21
1045 714 23
1046 711 13
1046 712 10
1047 739 14
1047 740 16
1048 943 19
1049 976 16
1049 984 26
1050 992 22
1050 1051 16
1050 1052 14
1051 981 20
1051 983 13
1052 983 12
1052 992 11
1053 141 26